Sergey#6.jpg:[-0.01710595 0.02843007 -0.02449406 -0.03069421 -0.13923469 0.11569462 -0.04554565 -0.01912151 0.21529192 -0.07493374 0.20684344 -0.03625508 -0.26372907 -0.03892313 -0.06466360 0.11013488 -0.13416424 -0.11503474 -0.01558320 -0.00790996 0.02744507 0.02698684 -0.00588068 0.03102661 -0.03257329 -0.39931452 -0.07763191 -0.10039154 0.07633620 -0.07638562 -0.07194822 0.08160502 -0.14582594 -0.04727370 0.04506492 0.05120091 -0.10417597 0.03243534 0.19123928 0.01005994 -0.19353676 0.00393954 0.03031903 0.20224705 0.19178836 0.07478581 -0.02439145 -0.09757675 0.10318582 -0.24476147 0.08513305 0.23602816 0.15533350 0.16508913 0.03938341 -0.16484655 -0.00078655 0.12685688 -0.11165769 0.06226100 0.01654510 -0.02660290 0.06987830 -0.00069871 0.17648983 0.02863716 -0.09655039 -0.15012917 0.10781104 -0.17947771 -0.03814502 0.09117088 -0.10566372 -0.22090469 -0.21497381 0.06740410 0.37556976 0.14713110 -0.15337740 0.00962592 -0.04601599 -0.08601064 0.05580040 0.04781373 -0.08439235 -0.05470695 -0.07367798 -0.03383563 0.17960382 -0.04895720 0.02910157 0.23460393 -0.00823012 0.14065447 0.06404739 0.12198777 -0.03860443 0.03488129 -0.12268973 0.00262368 -0.04030962 -0.13362402 0.00721534 0.04160034 -0.18617699 0.18921663 -0.01845117 0.02901847 -0.01165220 0.01181370 -0.06213070 -0.00537335 0.19864236 -0.27545232 0.24554563 0.15324289 0.08099941 0.17723016 0.07235284 0.06839925 -0.01522882 -0.13028869 -0.15200226 -0.05326179 0.01859597 -0.03308016 -0.04995427 0.03016196]
Gleb#5.jpg:[-0.17387834 0.08302815 0.01067676 -0.03231683 -0.17501542 0.06414713 0.02542252 -0.05865315 0.13613333 -0.10369803 0.22659852 -0.05235709 -0.27533579 -0.00781900 0.03422385 0.11880652 -0.10396135 -0.12742728 -0.12980774 -0.03267270 -0.05496461 0.05621908 0.02432414 0.03668826 -0.14047407 -0.36106238 -0.05644977 -0.07809596 0.11817744 -0.04607849 0.01260248 0.10862561 -0.03540272 0.01801451 0.10147642 0.06459335 -0.10067317 0.02654124 0.28584906 0.00223320 -0.27674899 0.03717634 0.03030167 0.32325840 0.21990161 0.04072364 0.03236558 -0.13702364 0.08779489 -0.30189103 0.07043475 0.20519704 0.09066387 0.05709778 0.04539099 -0.18212001 -0.03530622 0.17490244 -0.22046368 0.07811578 0.04511174 -0.10185633 -0.05200417 -0.04375213 0.15252800 0.07520716 -0.17764850 -0.16040270 0.14430530 -0.20003143 -0.01295093 0.19163118 -0.12288645 -0.28144938 -0.21707673 0.08559614 0.38579333 0.21077673 -0.17427389 -0.02779430 -0.01294492 -0.03246972 0.06348936 0.12619501 -0.10513154 -0.17356682 -0.06063480 -0.02417581 0.17105764 -0.06390078 -0.01174858 0.23865582 0.10087524 -0.00486041 0.00183368 0.12669216 -0.11566021 -0.07068449 -0.14152369 -0.10512801 0.03840686 -0.08015323 0.05056464 0.08742893 -0.23102969 0.30145302 -0.03538058 -0.04196602 0.01509439 -0.05202400 0.03124064 0.02264261 0.19878267 -0.26875961 0.17519014 0.22360727 0.07426617 0.19920464 0.11896579 0.01001334 0.02353718 -0.00932967 -0.11913062 -0.08129555 0.04375475 -0.05632382 0.02815416 -0.01700656]
Sergey#2.jpg:[-0.02585035 0.03467384 -0.02087760 -0.02933287 -0.14214359 0.09789275 -0.03838892 -0.02648218 0.21004170 -0.07841486 0.20166984 -0.04444510 -0.26858348 -0.03152163 -0.07601576 0.11104298 -0.12904295 -0.11699937 -0.02386811 -0.00809019 0.02333601 0.01825131 -0.01100390 0.03406754 -0.01608220 -0.38803932 -0.07682133 -0.09322759 0.08076886 -0.06760196 -0.06140589 0.07020725 -0.14664140 -0.05244909 0.04544358 0.06473932 -0.09973767 0.04072567 0.19956081 -0.00250020 -0.19736567 0.00352495 0.03802930 0.21707867 0.17630562 0.07566869 -0.02556013 -0.09789043 0.10974055 -0.24190104 0.09110229 0.22589654 0.16798218 0.16685553 0.04428770 -0.18538631 0.00678951 0.14516225 -0.11540772 0.07736535 0.01722594 -0.02779125 0.07930323 0.00663661 0.18865493 0.02423023 -0.09989316 -0.14778431 0.11771906 -0.18058877 -0.01792670 0.09786031 -0.09630764 -0.21948950 -0.21085410 0.07325579 0.38750151 0.14564483 -0.15817028 -0.00170425 -0.04681109 -0.09015574 0.06316735 0.04957248 -0.08373547 -0.05053060 -0.08782669 -0.03957015 0.18062779 -0.05362736 0.03257929 0.23598219 0.00163586 0.13241708 0.05564868 0.11622770 -0.05213428 0.04002915 -0.13053785 0.00482319 -0.04421170 -0.14488722 0.00591754 0.03144740 -0.18507595 0.18013497 -0.01134823 0.02883098 -0.02667474 0.01953522 -0.06257121 -0.01307931 0.20561489 -0.27658728 0.25585738 0.15678139 0.07971358 0.18295245 0.07262098 0.06841689 0.00213325 -0.13378069 -0.13716881 -0.05063344 0.01358056 -0.03832715 -0.04538342 0.03886498]
Sergey#5.jpg:[-0.01252344 0.02680345 -0.02230476 -0.03775581 -0.14360872 0.11117539 -0.04330490 -0.01189955 0.21283361 -0.06456165 0.21060596 -0.03584632 -0.26272973 -0.04071539 -0.06440768 0.10612243 -0.13184120 -0.11307967 -0.02345480 0.00224646 0.02232980 0.02508509 -0.01337321 0.02896781 -0.03706868 -0.39907813 -0.07538405 -0.09784406 0.08028890 -0.06862414 -0.07339114 0.08592206 -0.14675301 -0.05387656 0.05434879 0.05428424 -0.09600707 0.03937483 0.19265237 0.01203044 -0.20579296 0.01123877 0.03926872 0.20745090 0.18414380 0.07754376 -0.01779930 -0.09006099 0.10329312 -0.24321388 0.09319854 0.23333901 0.16445993 0.15709428 0.04233737 -0.17410803 0.00000803 0.13284899 -0.11954962 0.06762072 0.01991327 -0.03106599 0.06993059 0.00318048 0.17008552 0.02275089 -0.09474173 -0.15225179 0.11250417 -0.17810301 -0.02740775 0.09383164 -0.10349371 -0.21623850 -0.22214013 0.07066122 0.38412648 0.14555603 -0.15834999 0.00970911 -0.04859405 -0.09042656 0.05488041 0.04206287 -0.08339378 -0.05058151 -0.08055093 -0.03652043 0.18525361 -0.04992869 0.04153055 0.23166081 0.00120428 0.12954952 0.05989034 0.11766798 -0.04351966 0.03046929 -0.12389056 0.00767730 -0.04539497 -0.14113872 0.00674060 0.04043753 -0.19901446 0.18144618 -0.01100761 0.01737680 -0.01606679 0.01694226 -0.05564478 -0.01702649 0.19913575 -0.27692032 0.24175581 0.15726104 0.08808421 0.17669335 0.07265747 0.06174850 -0.00806654 -0.13040914 -0.14291254 -0.05998025 0.01243193 -0.03898631 -0.04870499 0.03436674]
Gleb#8.jpg:[-0.17040303 0.08528767 -0.00726563 -0.07028353 -0.20422149 0.07512653 0.03314996 -0.05737872 0.12451757 -0.07259188 0.22559239 -0.05332039 -0.29129300 -0.00810340 0.02435943 0.12823035 -0.10395883 -0.13946944 -0.14077529 -0.02436868 -0.05441870 0.05603046 0.02998277 0.04037628 -0.12338454 -0.35733724 -0.07828872 -0.07298718 0.12090274 -0.04574583 0.01625746 0.09986614 -0.04778442 0.00194117 0.09497821 0.05175234 -0.09963115 0.02221043 0.30020443 0.01935382 -0.27346179 0.06667830 0.04568261 0.34435666 0.21495487 0.05249849 0.03787498 -0.13395172 0.07027784 -0.29492405 0.10959468 0.20144661 0.13969281 0.04895717 0.01951482 -0.17966959 -0.01795998 0.16966309 -0.26126039 0.07569499 0.06673075 -0.08706015 -0.06573816 -0.07568157 0.16878252 0.09279438 -0.18846205 -0.17874584 0.13567553 -0.20821193 -0.03768178 0.15634497 -0.13338436 -0.25412244 -0.25851777 0.07683823 0.38728109 0.21447033 -0.19696102 -0.01939965 -0.02196054 -0.04344048 0.03595747 0.13392268 -0.12574616 -0.15063374 -0.06008017 -0.02696330 0.14849888 -0.07446887 -0.01443430 0.25997499 0.13471603 0.01469477 0.00474691 0.13148680 -0.10076222 -0.07350596 -0.12763186 -0.06914349 -0.00059954 -0.08337165 0.05587435 0.08664548 -0.24012423 0.33355346 -0.02710161 -0.03379464 -0.01038708 -0.05309644 0.03357042 0.00360308 0.20203678 -0.28781775 0.14834803 0.23485292 0.07625475 0.18784714 0.13361894 0.02021301 0.02387381 0.00933314 -0.15341072 -0.06931881 0.05099206 -0.08575211 0.04013828 0.04416437]
Sergey#4.jpg:[-0.01751336 0.03274817 -0.01973288 -0.03878119 -0.13721412 0.10476031 -0.04160959 -0.01680186 0.21523991 -0.06855784 0.21542187 -0.04142325 -0.26334825 -0.03875241 -0.07199457 0.10657334 -0.13590200 -0.11385166 -0.01379415 -0.00885580 0.02256776 0.02612197 -0.01182820 0.03175912 -0.03765678 -0.39808097 -0.07920911 -0.10689296 0.08178513 -0.07069605 -0.07031317 0.08181277 -0.15009393 -0.05330467 0.05454103 0.06197523 -0.09288557 0.04341397 0.19170074 0.00867649 -0.19152774 0.00257803 0.03875512 0.21444203 0.18164639 0.07507392 -0.02604579 -0.09036997 0.10357323 -0.23568827 0.09738408 0.22683106 0.16443004 0.16451411 0.04897749 -0.17052372 0.00006035 0.13409421 -0.11959550 0.06939919 0.01469557 -0.02993887 0.07172154 0.00271329 0.17704947 0.02367966 -0.09395284 -0.15467645 0.11528352 -0.18144311 -0.02720633 0.09763215 -0.10038169 -0.20626101 -0.22067448 0.06888077 0.38234958 0.14293714 -0.15505317 0.00738757 -0.04808443 -0.09765065 0.05791146 0.04036056 -0.07872497 -0.04892816 -0.08012295 -0.03367252 0.18117416 -0.05088117 0.03500783 0.22968854 -0.01448141 0.13615267 0.05856617 0.11541957 -0.05082987 0.03549096 -0.12014490 0.00337589 -0.04539352 -0.13817874 0.00232826 0.04252467 -0.19531381 0.17234173 -0.01219660 0.02082756 -0.01819565 0.02103033 -0.05993116 -0.01855904 0.20324977 -0.28363866 0.24942128 0.15424854 0.07685255 0.17376930 0.06511796 0.05745070 -0.00681978 -0.13504349 -0.14454937 -0.05515343 0.00997982 -0.03986692 -0.05086305 0.03081720]
Gleb#9.jpg:[-0.19118968 0.07900053 0.00695537 -0.07207014 -0.20719333 0.07128866 0.01829202 -0.08614959 0.11590531 -0.08685522 0.22654046 -0.04954290 -0.29232663 -0.00341198 0.01174274 0.14940156 -0.09718424 -0.14774252 -0.14852944 -0.03598229 -0.05433331 0.03086554 0.05579872 0.04811862 -0.10175154 -0.36533567 -0.07351904 -0.07715543 0.08671311 -0.02545430 -0.00590096 0.06347322 -0.06901259 -0.00819987 0.08872633 0.06506676 -0.10705950 0.00384740 0.30581012 0.01589769 -0.25316417 0.09027882 0.03751773 0.33944276 0.21297221 0.04756287 0.03974877 -0.14437561 0.09633055 -0.28133231 0.10874102 0.21150528 0.15092970 0.02829406 0.02177054 -0.15321341 -0.00047469 0.19504282 -0.25711656 0.07162205 0.08161943 -0.06873947 -0.06696140 -0.11196993 0.17607090 0.11366711 -0.19118795 -0.16477256 0.12790652 -0.17505142 -0.03217506 0.10857472 -0.17245206 -0.26773483 -0.24834077 0.07134717 0.38737535 0.21812291 -0.20533663 -0.02899525 -0.03713348 -0.02801018 0.03249771 0.13274111 -0.10545857 -0.15595211 -0.05345175 -0.02957945 0.13635845 -0.07797956 -0.01028354 0.26419890 0.13009202 0.00628997 -0.00686376 0.11074402 -0.11883508 -0.06136558 -0.14668638 -0.06058798 -0.05012331 -0.07584349 0.06347903 0.06205263 -0.24283446 0.30047444 -0.03545329 -0.01900987 -0.01577767 -0.05276431 0.01594155 -0.01315954 0.18391320 -0.27234289 0.14736307 0.25099301 0.08300517 0.18344229 0.13680065 0.02166392 0.02810897 0.03772569 -0.16927630 -0.06090602 0.05722667 -0.07060865 0.04044807 0.05663332]
Sergey#9.jpg:[-0.01856190 0.02884552 -0.02769142 -0.03518613 -0.14454632 0.12008937 -0.04085039 -0.01629035 0.20497388 -0.06576246 0.21036202 -0.02790065 -0.26558605 -0.04320689 -0.06102310 0.10619177 -0.14315215 -0.12003585 -0.03076522 0.00571705 0.02186914 0.01536609 -0.00961559 0.03090745 -0.02666588 -0.40255263 -0.06779185 -0.09778215 0.08038543 -0.07576928 -0.07456304 0.08759244 -0.14716311 -0.04404159 0.04710849 0.05260511 -0.10521877 0.03158854 0.19631365 0.00059049 -0.19311339 0.01086264 0.03435022 0.20240037 0.19904114 0.06974412 -0.01867522 -0.08952168 0.11322542 -0.25567818 0.08080423 0.24031545 0.16298556 0.16011707 0.04520732 -0.16549498 0.00655607 0.12232953 -0.11066274 0.05610567 0.01233767 -0.03234968 0.06417883 -0.00884775 0.18063800 0.02297139 -0.09579220 -0.15915240 0.10775109 -0.17363910 -0.04215627 0.08901808 -0.11208364 -0.21105786 -0.22020945 0.06459013 0.37613690 0.14543645 -0.15719777 0.02312286 -0.05429879 -0.09294797 0.04512545 0.04156325 -0.08699647 -0.05704394 -0.08533675 -0.03276269 0.18460053 -0.04933985 0.03530310 0.22683787 0.00104405 0.13414553 0.06288473 0.11003828 -0.03558947 0.03102364 -0.12581958 0.00754610 -0.04383103 -0.13225074 0.00359042 0.04234439 -0.18944354 0.18489236 -0.02237625 0.03434465 -0.00994501 0.00039097 -0.06311630 -0.00407143 0.19107015 -0.28547651 0.24484660 0.15190397 0.09014551 0.16342390 0.07023670 0.05627070 -0.01474665 -0.11733340 -0.15934852 -0.05742736 0.02341869 -0.03770277 -0.05643973 0.03302985]
Sergey#0.jpg:[-0.01193546 0.03981004 -0.01149455 -0.07964320 -0.19184144 0.10831930 -0.00292695 -0.02076122 0.22959496 -0.07653552 0.24475466 -0.01491344 -0.26517269 -0.04863647 -0.06071315 0.12099135 -0.13715449 -0.10404155 -0.05657116 -0.06846310 0.01053459 0.04437251 -0.01560803 0.01702223 -0.05560788 -0.36030185 -0.09291201 -0.08027445 0.13612172 -0.08950764 -0.01819176 0.08630800 -0.14254718 -0.04063619 0.05844461 0.04337046 -0.11832764 0.02089880 0.20849612 -0.00501296 -0.17905456 0.02571357 0.06197584 0.20258296 0.15823033 0.02666150 0.00082003 -0.10474840 0.13977085 -0.21273196 0.09605990 0.22697812 0.17274229 0.14276993 0.05974339 -0.15500736 -0.02454221 0.21189447 -0.16199644 0.09437163 0.00424280 -0.04830623 0.00910250 -0.01738412 0.12168011 0.01342469 -0.10552850 -0.19169296 0.13821077 -0.17567262 -0.01523113 0.13133591 -0.11516651 -0.20697260 -0.22333772 0.09232254 0.40907604 0.12591606 -0.13970086 0.00218351 -0.02546096 -0.12547868 0.01221932 0.04909078 -0.09736279 -0.07604381 -0.08200715 0.00916592 0.16926034 -0.07500522 0.05326666 0.25650844 0.03082214 0.12492540 0.01273296 0.11112845 -0.08478586 0.00419770 -0.11075957 -0.01737768 -0.04978105 -0.14618884 -0.00719676 0.02355612 -0.17549570 0.20912509 0.00193484 -0.00264848 -0.06240781 -0.01250597 -0.04153889 -0.01914814 0.21522212 -0.26850048 0.22934361 0.16478217 0.08753765 0.17320588 0.07135043 0.03803682 0.01692086 -0.14370158 -0.11324845 -0.04511585 0.00787426 -0.08375344 -0.05500761 0.01684649]
Gleb#7.jpg:[-0.15464915 0.11582255 0.01156347 -0.06233049 -0.18632296 0.06991985 0.03008992 -0.07328202 0.14969847 -0.10026906 0.21321610 -0.03829184 -0.28559601 -0.01129419 0.03038281 0.12520483 -0.11847103 -0.14764182 -0.12750779 -0.03491507 -0.05647762 0.06385406 0.02827936 0.03339512 -0.12507850 -0.36939636 -0.05393560 -0.08143131 0.14315496 -0.04318038 0.00931469 0.10610053 -0.04250080 0.01885090 0.09662605 0.05762967 -0.10647568 0.01711666 0.29369760 0.02266448 -0.28282127 0.05614037 0.02798233 0.32407576 0.21613976 0.03460801 0.05107264 -0.15301247 0.08596804 -0.29020566 0.07333428 0.21967334 0.10302700 0.05066987 0.05296133 -0.19005127 -0.03218962 0.14890023 -0.24169081 0.06488770 0.06186543 -0.07798858 -0.06456411 -0.05052761 0.15691039 0.07737797 -0.17430024 -0.16657884 0.14068988 -0.20784305 -0.02708903 0.18139246 -0.11804090 -0.25302696 -0.21004562 0.07416260 0.37731820 0.21674982 -0.17465219 -0.01583098 -0.02991859 -0.03782137 0.05917551 0.12166207 -0.12881447 -0.15038544 -0.05501171 -0.02261129 0.15547441 -0.06871923 -0.00681988 0.24582723 0.11654383 0.00705263 -0.00291771 0.12189949 -0.12353444 -0.06954377 -0.14150971 -0.11171910 0.03530233 -0.07660083 0.05158705 0.08923411 -0.24723767 0.30096593 -0.03137551 -0.04790982 0.01041543 -0.04873924 0.03268841 0.01257708 0.19698927 -0.27611053 0.17500895 0.23240535 0.05480373 0.18377605 0.13201059 0.00208720 0.02131059 -0.02263291 -0.11714476 -0.08746748 0.05216979 -0.06263330 0.02680271 -0.01245331]
Gleb#0.jpg:[-0.18816496 0.09612460 0.01633012 -0.03383781 -0.18392012 0.08477611 0.04551952 -0.07362260 0.13955405 -0.08956273 0.20306258 -0.06099122 -0.28506517 0.01078520 0.04082460 0.09323068 -0.11213698 -0.15072411 -0.12120085 -0.05961066 -0.07111308 0.04778779 0.00624444 0.03163664 -0.14989272 -0.34477234 -0.05876051 -0.09206547 0.11077133 -0.05492181 0.01990459 0.10200305 -0.04020669 0.00959644 0.10365646 0.08736268 -0.11246803 0.02903534 0.27944779 -0.00678212 -0.25380787 0.05396835 0.04064940 0.33927542 0.21185240 0.04384570 0.00984709 -0.13328463 0.08650194 -0.30184570 0.08577223 0.22615729 0.10276201 0.07154018 0.03853645 -0.18200044 -0.03804308 0.14990577 -0.21602459 0.08249006 0.08095905 -0.09784229 -0.04973309 -0.06505497 0.14966542 0.08468658 -0.17192200 -0.15725064 0.12890799 -0.21227932 -0.03055321 0.18035100 -0.12967102 -0.27124780 -0.20584191 0.10274622 0.39356646 0.22210917 -0.15752853 -0.04282680 -0.02252613 -0.02461124 0.05120355 0.12007251 -0.11844881 -0.16529205 -0.03864091 -0.00982480 0.17150170 -0.05354170 -0.02329517 0.22247303 0.10617545 0.00257843 0.00432970 0.10234415 -0.09494937 -0.07665280 -0.15242079 -0.08937491 0.00312445 -0.08737598 0.05367539 0.09039696 -0.23858418 0.30297926 -0.02361202 -0.05130093 -0.00504819 -0.04733546 0.02173845 0.03239897 0.22055565 -0.29383567 0.17558508 0.23696622 0.07841183 0.19037718 0.11176144 0.00428130 0.02728514 0.00348138 -0.12124567 -0.07704812 0.04284196 -0.05590431 0.01897492 -0.00466836]
Sergey#3.jpg:[-0.01985678 0.03306292 -0.02915748 -0.03659490 -0.13985774 0.10362942 -0.03686770 -0.02227920 0.21425101 -0.07243471 0.21291882 -0.03630238 -0.26748142 -0.03576072 -0.07369646 0.10862486 -0.13041452 -0.12008763 -0.02102586 -0.00423485 0.02766685 0.02359758 -0.01667879 0.03723941 -0.02616824 -0.39253801 -0.07708053 -0.09598523 0.08097563 -0.06928623 -0.06025739 0.08281263 -0.15220146 -0.05468588 0.04533836 0.06067722 -0.09797204 0.03727845 0.20207293 0.01062456 -0.19640654 0.00576369 0.03539174 0.21632428 0.17973736 0.07536758 -0.02020202 -0.09447685 0.10441815 -0.24286515 0.09888605 0.23134448 0.17057973 0.16529755 0.03826993 -0.18361175 0.00463101 0.13754062 -0.11949424 0.06884439 0.01255516 -0.02712644 0.07849174 0.00794553 0.17968047 0.02116731 -0.09343569 -0.14381553 0.12348380 -0.17792255 -0.02740820 0.09344532 -0.10532975 -0.21873686 -0.21980432 0.07799013 0.38558817 0.14402658 -0.15691851 0.00731065 -0.04411337 -0.09283210 0.06259544 0.04721570 -0.07672754 -0.06215536 -0.08448566 -0.03499721 0.18473093 -0.04913284 0.02867725 0.23381463 0.00035575 0.13085951 0.06030385 0.12156241 -0.04204423 0.03959710 -0.12305310 0.01154751 -0.04746738 -0.13431917 -0.00158066 0.04175409 -0.18790780 0.17826988 -0.00902836 0.02245869 -0.02350308 0.01589301 -0.06076713 -0.02005270 0.19958644 -0.27361643 0.25244802 0.15563805 0.07614234 0.18192001 0.06956898 0.06600375 0.00194692 -0.13731141 -0.15101936 -0.05519481 0.01823193 -0.03496241 -0.05044422 0.03834443]
Gleb#6.jpg:[-0.16616511 0.09564086 0.01449758 -0.04015172 -0.17331317 0.07338036 0.03620977 -0.05458924 0.14975907 -0.08376725 0.22011916 -0.03625662 -0.28505737 -0.02423221 0.04744719 0.11231005 -0.10459504 -0.13601691 -0.11757325 -0.02944909 -0.05396077 0.04603316 0.02111209 0.03832246 -0.12478330 -0.36494032 -0.05567722 -0.07878217 0.15884590 -0.03857034 0.00313962 0.09818086 -0.05980580 -0.00627537 0.09668832 0.07076228 -0.10982673 0.01534073 0.28975749 -0.00314628 -0.27270856 0.05393171 0.03305544 0.32008192 0.20999770 0.04877857 0.04674620 -0.13883476 0.08385010 -0.28963944 0.07952096 0.21816881 0.11368301 0.05630084 0.04257227 -0.19720867 -0.03300933 0.14601395 -0.23660395 0.09106050 0.06238571 -0.07343870 -0.05081731 -0.05331760 0.14613684 0.06332856 -0.17522730 -0.17377107 0.14767829 -0.21592130 -0.01367320 0.19204459 -0.11723302 -0.27142590 -0.21877819 0.08886105 0.38374695 0.22766161 -0.17629679 -0.02039329 -0.02362451 -0.04501333 0.05899069 0.12868866 -0.10344213 -0.15747268 -0.06043158 -0.02745871 0.17148659 -0.05449510 -0.00786745 0.24172826 0.12297571 0.01142040 -0.01113955 0.12387168 -0.11056654 -0.06392542 -0.15149637 -0.09301535 0.02017273 -0.07772463 0.05564358 0.08867045 -0.23250216 0.30746442 -0.01981436 -0.03737281 0.00680323 -0.03623790 0.01226904 0.01708171 0.19783421 -0.27826783 0.18879855 0.23468068 0.08135751 0.17893690 0.13348550 0.01085771 0.04274856 -0.02013388 -0.12599924 -0.09391587 0.03133911 -0.07805697 0.02939823 0.00147790]
Gleb#3.jpg:[-0.16903751 0.10994419 0.01403438 -0.04761163 -0.19928342 0.06847151 0.02762343 -0.06098437 0.13651657 -0.06820990 0.23047692 -0.05953956 -0.27841848 -0.01523033 0.04160073 0.11217396 -0.12617581 -0.12677765 -0.12249408 -0.02805118 -0.06159805 0.03247077 0.00844175 0.04371323 -0.14841369 -0.35193953 -0.05336205 -0.07568334 0.12963942 -0.05939039 0.01515386 0.11456603 -0.04275308 -0.01024083 0.09544207 0.06579588 -0.12102134 0.01446863 0.28816015 -0.02432859 -0.27407685 0.06393941 0.05314910 0.31760651 0.22484250 0.03687140 0.04515025 -0.12653252 0.08584074 -0.29353032 0.07673723 0.21259874 0.13578460 0.05946436 0.04154740 -0.18748106 -0.03922088 0.17204723 -0.21928883 0.08391221 0.07074442 -0.09642673 -0.03885361 -0.04733490 0.14911596 0.07282274 -0.17665912 -0.15374097 0.13138980 -0.19410127 -0.02594304 0.19206403 -0.11686815 -0.27644998 -0.22820172 0.09249607 0.38962126 0.21540476 -0.18409410 -0.04049845 -0.01193019 -0.04065379 0.04839062 0.12868211 -0.12356685 -0.18108545 -0.05962466 -0.01319327 0.17311835 -0.05691138 -0.00677079 0.23749574 0.13179109 0.00380979 -0.01195711 0.11502929 -0.09964059 -0.06299648 -0.12701818 -0.07604851 0.02895796 -0.08200561 0.05075641 0.09334328 -0.23020580 0.30188584 -0.01885134 -0.03269875 0.00053886 -0.04417387 0.03535588 0.02472911 0.20489807 -0.28724742 0.16916107 0.22581567 0.06780400 0.18026182 0.12308836 0.00264383 0.04225751 -0.01468484 -0.11107716 -0.07848870 0.04909914 -0.08020272 0.04223367 0.00130614]
Sergey#8.jpg:[-0.02257825 0.03557385 -0.01724613 -0.03233430 -0.14045626 0.12007529 -0.03908707 -0.01102814 0.20549785 -0.06463499 0.20640466 -0.03322557 -0.26619911 -0.04310159 -0.06269727 0.11286759 -0.13735221 -0.12243050 -0.02661713 0.00322066 0.01898560 0.01662739 -0.01929440 0.03262173 -0.03738154 -0.40131372 -0.05901963 -0.09949042 0.06998812 -0.07011972 -0.07680593 0.08310805 -0.14290278 -0.04781774 0.05055469 0.05684112 -0.10078974 0.03824009 0.18819371 0.00162269 -0.20192134 0.01319242 0.03601545 0.20836595 0.19252636 0.08258120 -0.02057254 -0.08854758 0.10850505 -0.26055515 0.08262143 0.23201363 0.15484107 0.15617552 0.04348191 -0.18172361 0.00497476 0.12578830 -0.11719657 0.06386524 0.00434145 -0.03654849 0.07459534 0.00152400 0.18031633 0.02447803 -0.09357075 -0.14825846 0.11189049 -0.17597234 -0.03142603 0.08716526 -0.10274585 -0.21951477 -0.22362278 0.06978822 0.38097706 0.15340635 -0.15987083 0.01527465 -0.04525717 -0.08396490 0.05640194 0.04377349 -0.09028626 -0.05751742 -0.08471487 -0.04046042 0.18768772 -0.04328077 0.03479746 0.22991496 -0.00109974 0.12752433 0.06191829 0.10846767 -0.04239487 0.03443857 -0.12764351 0.00009541 -0.03881402 -0.13606796 0.00989008 0.04662107 -0.20186661 0.17837234 -0.02202392 0.02844042 -0.01233538 0.01390451 -0.05844740 -0.00612982 0.19822831 -0.27655452 0.24699305 0.16439044 0.09171837 0.17296518 0.07832512 0.04885222 -0.00735406 -0.12145107 -0.15209734 -0.05616282 0.02451156 -0.04477032 -0.04356042 0.03702252]
Gleb#4.jpg:[-0.15355980 0.09079248 -0.00432198 -0.05307171 -0.17435612 0.06793599 0.04128204 -0.06437770 0.16736665 -0.09559893 0.24353032 -0.04422697 -0.29530519 0.00228792 0.03213402 0.10403690 -0.13141747 -0.13509898 -0.13195492 -0.01186079 -0.04187013 0.03811559 0.01565280 0.04686201 -0.12119451 -0.36280510 -0.06230904 -0.06397341 0.14456430 -0.05940122 0.02872373 0.11318078 -0.05239882 0.00233382 0.08975488 0.05871727 -0.11250395 0.01234584 0.30152515 0.00317363 -0.26609355 0.05121418 0.03313083 0.32912299 0.21376035 0.03587411 0.02971563 -0.13961911 0.07468894 -0.31255752 0.06221447 0.23333652 0.11271911 0.06785067 0.04568674 -0.17991407 -0.02718142 0.15050851 -0.23306452 0.08172341 0.06766588 -0.07804331 -0.04993092 -0.05398882 0.14678325 0.06735017 -0.17723235 -0.16557306 0.13181031 -0.20969954 -0.03256319 0.19000296 -0.12500617 -0.27623284 -0.20414484 0.06817464 0.39544487 0.21423641 -0.18102813 -0.01986944 -0.03403479 -0.05626104 0.05480814 0.10625963 -0.10079665 -0.17079590 -0.07107999 -0.01172861 0.17137511 -0.05710862 -0.01036391 0.24556483 0.12270947 -0.00701155 0.00414209 0.12254627 -0.10138211 -0.06998774 -0.16052778 -0.09763632 0.01711264 -0.07180831 0.03812737 0.07787701 -0.22616598 0.31354147 -0.01040055 -0.04652416 0.01533455 -0.04342372 0.00887696 0.01761158 0.20392226 -0.28908530 0.18112037 0.22112289 0.07915267 0.17410357 0.10614624 0.01386653 0.02366166 -0.01026141 -0.11474733 -0.09537740 0.02382460 -0.05551185 0.02668998 -0.02111780]
Gleb#1.jpg:[-0.17957789 0.08726253 0.02227907 -0.03931051 -0.17840309 0.07478637 0.04859991 -0.05501279 0.15053582 -0.09005416 0.22189938 -0.04983248 -0.27709478 -0.01164096 0.04725747 0.09505360 -0.09461334 -0.13999355 -0.12529573 -0.02473648 -0.06282315 0.04861853 0.02988518 0.03645029 -0.13654867 -0.36621508 -0.06906830 -0.06885856 0.13316894 -0.05487379 0.02056833 0.10910709 -0.05405455 -0.00874757 0.09517799 0.07577119 -0.11822375 0.02585605 0.29358050 0.00186587 -0.27071720 0.05131096 0.02795889 0.34419107 0.20586140 0.04748256 0.01948690 -0.12719689 0.07517719 -0.29953048 0.09477103 0.21947987 0.10737596 0.05452859 0.05483086 -0.17786077 -0.02671956 0.16587973 -0.21966510 0.09067765 0.05416464 -0.08527381 -0.03770144 -0.05286688 0.14770125 0.07290808 -0.16249296 -0.16095881 0.13127452 -0.19172414 -0.01345507 0.19721976 -0.12694919 -0.27160215 -0.20574102 0.09013237 0.39582205 0.21111582 -0.17263986 -0.02514976 -0.02495042 -0.04435480 0.05167357 0.12173305 -0.11950640 -0.15912117 -0.05616640 -0.01113119 0.16247874 -0.04755946 -0.02196371 0.24264579 0.11181130 0.00251074 0.00823393 0.09868900 -0.10096998 -0.06347301 -0.15394616 -0.10393465 0.03496781 -0.08442715 0.05017179 0.08989919 -0.24749185 0.30985132 -0.01467214 -0.03613070 0.02015514 -0.04409558 0.01715969 0.02885799 0.20570692 -0.29260623 0.18020868 0.22404321 0.07105641 0.18443081 0.12504905 0.00059743 0.03703431 -0.00242678 -0.11740397 -0.07050358 0.04797322 -0.06619726 0.03690344 -0.00000259]
Sergey#7.jpg:[-0.02380657 0.03181624 -0.02206861 -0.03035541 -0.14974089 0.12043606 -0.03494573 -0.00901231 0.20550086 -0.05582114 0.20848051 -0.03052969 -0.27108732 -0.04529116 -0.05876807 0.11300800 -0.14125568 -0.11584713 -0.03230255 0.00418163 0.02306893 0.01366162 -0.01871577 0.03918110 -0.03244515 -0.40362215 -0.06196102 -0.09539893 0.08430745 -0.07439082 -0.07647503 0.08395647 -0.14089258 -0.05510481 0.05303637 0.05100952 -0.10457870 0.02556920 0.19417706 -0.00151170 -0.20101033 0.01783971 0.03933778 0.20894662 0.18865880 0.08082496 -0.01358437 -0.08795073 0.11494143 -0.25942758 0.07573676 0.23618864 0.16442898 0.15466936 0.04613046 -0.17998703 0.00507034 0.12511399 -0.11694439 0.06499233 0.00629938 -0.03863210 0.07587552 -0.00740220 0.17153630 0.02132850 -0.09002843 -0.15172136 0.11228684 -0.17365897 -0.03133249 0.09045682 -0.10418011 -0.21554534 -0.22078906 0.06402403 0.38319471 0.15560149 -0.15938537 0.00988225 -0.05130650 -0.08707311 0.04712454 0.04233071 -0.09146070 -0.06369700 -0.08966242 -0.03387950 0.18752466 -0.04723422 0.04551201 0.23396116 0.01354351 0.12697861 0.05620497 0.10918213 -0.04871801 0.03540486 -0.11858208 0.00341961 -0.03374617 -0.13546282 0.02294764 0.04535175 -0.20229323 0.18083866 -0.02077531 0.03153567 -0.00767586 0.01325016 -0.05729280 -0.00372242 0.19393054 -0.27704617 0.24415059 0.16393140 0.09028456 0.16495568 0.06963980 0.05178638 -0.01239460 -0.12505457 -0.14885084 -0.05884395 0.02036992 -0.04617858 -0.05044641 0.03495786]
Sergey#1.jpg:[-0.00918550 0.03323215 -0.01537039 -0.04791849 -0.14991620 0.09870473 -0.02816232 -0.02789650 0.21758340 -0.04935631 0.22010568 -0.04555947 -0.27134481 -0.04931274 -0.06942981 0.10910878 -0.13363722 -0.11185325 -0.02893299 -0.00588697 0.02188643 0.03838770 -0.01036483 0.02987466 -0.03050418 -0.40316683 -0.08700513 -0.08642922 0.09139066 -0.08276898 -0.05066377 0.09500742 -0.15799433 -0.05653060 0.05833200 0.05387431 -0.11881401 0.02871401 0.19487022 0.00673516 -0.19014037 0.00971456 0.05610973 0.20632273 0.17218247 0.06486022 -0.01762330 -0.10458369 0.11778997 -0.22854231 0.08607438 0.23926279 0.16385818 0.16195829 0.05408164 -0.15784204 -0.00335903 0.15029944 -0.12860820 0.08176930 0.01268016 -0.04395443 0.05403428 -0.01308905 0.14294097 0.00267936 -0.08689608 -0.16409017 0.10962107 -0.17807952 -0.03565431 0.10680646 -0.10448071 -0.20890261 -0.23795208 0.06585647 0.39290330 0.11912859 -0.14883520 0.01024535 -0.03388028 -0.11440334 0.03167020 0.04035224 -0.08940573 -0.06025951 -0.09183878 -0.01921220 0.18922150 -0.06190537 0.05018817 0.23223962 -0.00306056 0.14107421 0.04357732 0.11335725 -0.05915142 0.03024428 -0.11912173 -0.00112329 -0.04548398 -0.14261995 -0.00401850 0.03581096 -0.18955442 0.18786448 0.00573566 0.00935348 -0.02433642 0.00346675 -0.06210052 -0.01871376 0.20266452 -0.27444112 0.24967095 0.15316273 0.08951376 0.16436769 0.05818257 0.05624850 -0.01479035 -0.13088323 -0.13108136 -0.05634358 0.01571448 -0.03983342 -0.06050333 0.02256487]
Gleb#2.jpg:[-0.17528731 0.10256154 0.01211595 -0.02950397 -0.18419939 0.09648573 0.03629348 -0.03995664 0.14056243 -0.08356857 0.20884435 -0.05594206 -0.27607524 -0.00860875 0.02850463 0.11032389 -0.09327372 -0.14055167 -0.12709920 -0.03825948 -0.06329636 0.04567521 -0.00053399 0.03704666 -0.12995726 -0.34938475 -0.03558674 -0.09148071 0.12927972 -0.06062298 0.00135629 0.10597866 -0.04591908 -0.01181296 0.09046245 0.08234271 -0.10269686 0.02419308 0.28823832 -0.00882136 -0.26346260 0.06552157 0.04441553 0.34097564 0.20357794 0.03359369 0.03250155 -0.12526280 0.08989068 -0.30172840 0.07529666 0.21216872 0.12921433 0.06657291 0.02870475 -0.18768738 -0.01639449 0.14741847 -0.22434573 0.09165373 0.06372105 -0.08946017 -0.05110064 -0.03167244 0.14812149 0.07256288 -0.15980473 -0.15363270 0.12267341 -0.20260830 -0.01145214 0.18357751 -0.12451123 -0.26740614 -0.21737891 0.10414520 0.39376813 0.21889897 -0.17727590 -0.02310668 -0.00246321 -0.03287249 0.06547634 0.13811630 -0.12390406 -0.16227128 -0.04803488 0.00182370 0.16771129 -0.05135415 -0.01481555 0.21661524 0.13152221 -0.00177385 0.00303969 0.11985376 -0.08787800 -0.07367605 -0.14275369 -0.07744797 0.03163046 -0.08382697 0.05076321 0.08071870 -0.24384105 0.29097912 -0.02765379 -0.04741019 0.00681310 -0.04924018 0.03783983 0.03589130 0.21070948 -0.26403430 0.16716126 0.23238492 0.06873271 0.18423173 0.13005400 -0.00088374 0.04664634 -0.00533269 -0.11939991 -0.08374634 0.04546234 -0.06843052 0.03335115 -0.00462269]
Pavel#6.jpg:[-0.20384619 0.09003274 0.03132897 -0.03867852 0.01489436 -0.09455299 -0.07873137 -0.03528220 0.08615561 -0.02050253 0.22514525 -0.07238920 -0.20449600 -0.07255097 -0.06160785 0.08425718 -0.22121352 -0.06539362 -0.07970169 -0.07299548 0.13705404 0.01732476 0.00312796 0.04050751 -0.19851899 -0.28172821 -0.11007015 -0.11110817 0.00556402 -0.02510328 0.04563010 0.02934836 -0.10570988 0.00721483 0.03203579 0.07754978 -0.05148513 0.01230888 0.22194904 -0.02243443 -0.13411170 0.02815895 -0.03718608 0.29850769 0.18322806 0.04339641 0.04494257 -0.09849180 0.17634799 -0.24135920 0.00358719 0.27417824 0.08195984 0.06165503 0.11778869 -0.11236770 0.02664612 0.21552192 -0.24473909 0.06265937 -0.04389147 -0.07815594 0.03255028 -0.10366829 0.12268502 0.10542578 -0.19289401 -0.13902982 0.17608280 -0.13209046 0.01944746 0.14529654 -0.11010026 -0.29459110 -0.28140014 0.05346085 0.38953871 0.14144829 -0.14719135 0.06160244 -0.03560824 -0.11005591 0.04157798 0.10511380 -0.17119966 0.05194701 -0.11141044 0.03320595 0.13201216 -0.01003441 -0.01473452 0.22214469 -0.00046527 0.04363117 0.05454209 0.05532900 -0.16410145 -0.03313389 -0.06166223 0.01058990 0.02304857 -0.14691056 0.00102958 0.05123156 -0.04295379 0.18758561 -0.05016790 0.01679754 -0.18444900 -0.04530111 -0.05018641 0.03874009 0.15193585 -0.24748129 0.13889121 0.13198479 0.01713034 0.18285510 0.08485240 0.04359211 -0.07833619 0.00212622 -0.14020921 -0.03775682 0.02689576 0.00596434 0.08431899 -0.02093850]
Sergey#6.jpg:[-0.01710595 0.02843007 -0.02449406 -0.03069421 -0.13923469 0.11569462 -0.04554565 -0.01912151 0.21529192 -0.07493374 0.20684344 -0.03625508 -0.26372907 -0.03892313 -0.06466360 0.11013488 -0.13416424 -0.11503474 -0.01558320 -0.00790996 0.02744507 0.02698684 -0.00588068 0.03102661 -0.03257329 -0.39931452 -0.07763191 -0.10039154 0.07633620 -0.07638562 -0.07194822 0.08160502 -0.14582594 -0.04727370 0.04506492 0.05120091 -0.10417597 0.03243534 0.19123928 0.01005994 -0.19353676 0.00393954 0.03031903 0.20224705 0.19178836 0.07478581 -0.02439145 -0.09757675 0.10318582 -0.24476147 0.08513305 0.23602816 0.15533350 0.16508913 0.03938341 -0.16484655 -0.00078655 0.12685688 -0.11165769 0.06226100 0.01654510 -0.02660290 0.06987830 -0.00069871 0.17648983 0.02863716 -0.09655039 -0.15012917 0.10781104 -0.17947771 -0.03814502 0.09117088 -0.10566372 -0.22090469 -0.21497381 0.06740410 0.37556976 0.14713110 -0.15337740 0.00962592 -0.04601599 -0.08601064 0.05580040 0.04781373 -0.08439235 -0.05470695 -0.07367798 -0.03383563 0.17960382 -0.04895720 0.02910157 0.23460393 -0.00823012 0.14065447 0.06404739 0.12198777 -0.03860443 0.03488129 -0.12268973 0.00262368 -0.04030962 -0.13362402 0.00721534 0.04160034 -0.18617699 0.18921663 -0.01845117 0.02901847 -0.01165220 0.01181370 -0.06213070 -0.00537335 0.19864236 -0.27545232 0.24554563 0.15324289 0.08099941 0.17723016 0.07235284 0.06839925 -0.01522882 -0.13028869 -0.15200226 -0.05326179 0.01859597 -0.03308016 -0.04995427 0.03016196]
Gleb#5.jpg:[-0.17387834 0.08302815 0.01067676 -0.03231683 -0.17501542 0.06414713 0.02542252 -0.05865315 0.13613333 -0.10369803 0.22659852 -0.05235709 -0.27533579 -0.00781900 0.03422385 0.11880652 -0.10396135 -0.12742728 -0.12980774 -0.03267270 -0.05496461 0.05621908 0.02432414 0.03668826 -0.14047407 -0.36106238 -0.05644977 -0.07809596 0.11817744 -0.04607849 0.01260248 0.10862561 -0.03540272 0.01801451 0.10147642 0.06459335 -0.10067317 0.02654124 0.28584906 0.00223320 -0.27674899 0.03717634 0.03030167 0.32325840 0.21990161 0.04072364 0.03236558 -0.13702364 0.08779489 -0.30189103 0.07043475 0.20519704 0.09066387 0.05709778 0.04539099 -0.18212001 -0.03530622 0.17490244 -0.22046368 0.07811578 0.04511174 -0.10185633 -0.05200417 -0.04375213 0.15252800 0.07520716 -0.17764850 -0.16040270 0.14430530 -0.20003143 -0.01295093 0.19163118 -0.12288645 -0.28144938 -0.21707673 0.08559614 0.38579333 0.21077673 -0.17427389 -0.02779430 -0.01294492 -0.03246972 0.06348936 0.12619501 -0.10513154 -0.17356682 -0.06063480 -0.02417581 0.17105764 -0.06390078 -0.01174858 0.23865582 0.10087524 -0.00486041 0.00183368 0.12669216 -0.11566021 -0.07068449 -0.14152369 -0.10512801 0.03840686 -0.08015323 0.05056464 0.08742893 -0.23102969 0.30145302 -0.03538058 -0.04196602 0.01509439 -0.05202400 0.03124064 0.02264261 0.19878267 -0.26875961 0.17519014 0.22360727 0.07426617 0.19920464 0.11896579 0.01001334 0.02353718 -0.00932967 -0.11913062 -0.08129555 0.04375475 -0.05632382 0.02815416 -0.01700656]
Pavel#5.jpg:[-0.21907692 0.10276183 0.06902365 -0.02875637 0.02865771 -0.08666345 -0.06342062 -0.01970581 0.09636126 -0.00889460 0.23968020 -0.07120635 -0.20665888 -0.07999807 -0.06006328 0.09283481 -0.21371122 -0.06005394 -0.09452078 -0.06830812 0.12752175 0.01615228 -0.00408571 0.03473554 -0.19696930 -0.29720545 -0.09570578 -0.09799035 0.01066215 -0.03605297 0.06077377 0.03302464 -0.12293917 -0.00070567 0.00867773 0.07855508 -0.06218918 0.00993083 0.23712249 -0.02986006 -0.13369250 0.03187780 -0.02459656 0.30036518 0.17336209 0.04857402 0.05401027 -0.10828552 0.16821827 -0.25564376 0.00097778 0.28084594 0.07467585 0.07794384 0.10950601 -0.12356719 0.02706532 0.20190191 -0.24571064 0.06832862 -0.04935975 -0.08258785 0.02467319 -0.09529085 0.12003469 0.10653421 -0.17844753 -0.13491808 0.17978032 -0.12758705 0.03287225 0.15072405 -0.09737277 -0.29232496 -0.29179174 0.06368315 0.37517756 0.12725778 -0.15375938 0.06275237 -0.04345289 -0.11631694 0.03888161 0.11259165 -0.16964427 0.04164965 -0.10665217 0.04521068 0.13631514 -0.00298117 0.00319004 0.21928474 0.02624106 0.02590735 0.04361407 0.05409503 -0.16291422 -0.02503993 -0.06974293 0.02012403 0.03303746 -0.12561050 0.00454586 0.03818287 -0.05861288 0.20135543 -0.03173703 0.00273044 -0.16609858 -0.05550846 -0.04290730 0.03916779 0.15863293 -0.24004130 0.15237930 0.13199817 0.00525875 0.18979850 0.09255664 0.06278621 -0.07637504 0.00640569 -0.13223997 -0.02916184 0.02884481 -0.00026473 0.08148465 -0.01564920]
Sergey#2.jpg:[-0.02585035 0.03467384 -0.02087760 -0.02933287 -0.14214359 0.09789275 -0.03838892 -0.02648218 0.21004170 -0.07841486 0.20166984 -0.04444510 -0.26858348 -0.03152163 -0.07601576 0.11104298 -0.12904295 -0.11699937 -0.02386811 -0.00809019 0.02333601 0.01825131 -0.01100390 0.03406754 -0.01608220 -0.38803932 -0.07682133 -0.09322759 0.08076886 -0.06760196 -0.06140589 0.07020725 -0.14664140 -0.05244909 0.04544358 0.06473932 -0.09973767 0.04072567 0.19956081 -0.00250020 -0.19736567 0.00352495 0.03802930 0.21707867 0.17630562 0.07566869 -0.02556013 -0.09789043 0.10974055 -0.24190104 0.09110229 0.22589654 0.16798218 0.16685553 0.04428770 -0.18538631 0.00678951 0.14516225 -0.11540772 0.07736535 0.01722594 -0.02779125 0.07930323 0.00663661 0.18865493 0.02423023 -0.09989316 -0.14778431 0.11771906 -0.18058877 -0.01792670 0.09786031 -0.09630764 -0.21948950 -0.21085410 0.07325579 0.38750151 0.14564483 -0.15817028 -0.00170425 -0.04681109 -0.09015574 0.06316735 0.04957248 -0.08373547 -0.05053060 -0.08782669 -0.03957015 0.18062779 -0.05362736 0.03257929 0.23598219 0.00163586 0.13241708 0.05564868 0.11622770 -0.05213428 0.04002915 -0.13053785 0.00482319 -0.04421170 -0.14488722 0.00591754 0.03144740 -0.18507595 0.18013497 -0.01134823 0.02883098 -0.02667474 0.01953522 -0.06257121 -0.01307931 0.20561489 -0.27658728 0.25585738 0.15678139 0.07971358 0.18295245 0.07262098 0.06841689 0.00213325 -0.13378069 -0.13716881 -0.05063344 0.01358056 -0.03832715 -0.04538342 0.03886498]
Sergey#5.jpg:[-0.01252344 0.02680345 -0.02230476 -0.03775581 -0.14360872 0.11117539 -0.04330490 -0.01189955 0.21283361 -0.06456165 0.21060596 -0.03584632 -0.26272973 -0.04071539 -0.06440768 0.10612243 -0.13184120 -0.11307967 -0.02345480 0.00224646 0.02232980 0.02508509 -0.01337321 0.02896781 -0.03706868 -0.39907813 -0.07538405 -0.09784406 0.08028890 -0.06862414 -0.07339114 0.08592206 -0.14675301 -0.05387656 0.05434879 0.05428424 -0.09600707 0.03937483 0.19265237 0.01203044 -0.20579296 0.01123877 0.03926872 0.20745090 0.18414380 0.07754376 -0.01779930 -0.09006099 0.10329312 -0.24321388 0.09319854 0.23333901 0.16445993 0.15709428 0.04233737 -0.17410803 0.00000803 0.13284899 -0.11954962 0.06762072 0.01991327 -0.03106599 0.06993059 0.00318048 0.17008552 0.02275089 -0.09474173 -0.15225179 0.11250417 -0.17810301 -0.02740775 0.09383164 -0.10349371 -0.21623850 -0.22214013 0.07066122 0.38412648 0.14555603 -0.15834999 0.00970911 -0.04859405 -0.09042656 0.05488041 0.04206287 -0.08339378 -0.05058151 -0.08055093 -0.03652043 0.18525361 -0.04992869 0.04153055 0.23166081 0.00120428 0.12954952 0.05989034 0.11766798 -0.04351966 0.03046929 -0.12389056 0.00767730 -0.04539497 -0.14113872 0.00674060 0.04043753 -0.19901446 0.18144618 -0.01100761 0.01737680 -0.01606679 0.01694226 -0.05564478 -0.01702649 0.19913575 -0.27692032 0.24175581 0.15726104 0.08808421 0.17669335 0.07265747 0.06174850 -0.00806654 -0.13040914 -0.14291254 -0.05998025 0.01243193 -0.03898631 -0.04870499 0.03436674]
Gleb#8.jpg:[-0.17040303 0.08528767 -0.00726563 -0.07028353 -0.20422149 0.07512653 0.03314996 -0.05737872 0.12451757 -0.07259188 0.22559239 -0.05332039 -0.29129300 -0.00810340 0.02435943 0.12823035 -0.10395883 -0.13946944 -0.14077529 -0.02436868 -0.05441870 0.05603046 0.02998277 0.04037628 -0.12338454 -0.35733724 -0.07828872 -0.07298718 0.12090274 -0.04574583 0.01625746 0.09986614 -0.04778442 0.00194117 0.09497821 0.05175234 -0.09963115 0.02221043 0.30020443 0.01935382 -0.27346179 0.06667830 0.04568261 0.34435666 0.21495487 0.05249849 0.03787498 -0.13395172 0.07027784 -0.29492405 0.10959468 0.20144661 0.13969281 0.04895717 0.01951482 -0.17966959 -0.01795998 0.16966309 -0.26126039 0.07569499 0.06673075 -0.08706015 -0.06573816 -0.07568157 0.16878252 0.09279438 -0.18846205 -0.17874584 0.13567553 -0.20821193 -0.03768178 0.15634497 -0.13338436 -0.25412244 -0.25851777 0.07683823 0.38728109 0.21447033 -0.19696102 -0.01939965 -0.02196054 -0.04344048 0.03595747 0.13392268 -0.12574616 -0.15063374 -0.06008017 -0.02696330 0.14849888 -0.07446887 -0.01443430 0.25997499 0.13471603 0.01469477 0.00474691 0.13148680 -0.10076222 -0.07350596 -0.12763186 -0.06914349 -0.00059954 -0.08337165 0.05587435 0.08664548 -0.24012423 0.33355346 -0.02710161 -0.03379464 -0.01038708 -0.05309644 0.03357042 0.00360308 0.20203678 -0.28781775 0.14834803 0.23485292 0.07625475 0.18784714 0.13361894 0.02021301 0.02387381 0.00933314 -0.15341072 -0.06931881 0.05099206 -0.08575211 0.04013828 0.04416437]
Sergey#4.jpg:[-0.01751336 0.03274817 -0.01973288 -0.03878119 -0.13721412 0.10476031 -0.04160959 -0.01680186 0.21523991 -0.06855784 0.21542187 -0.04142325 -0.26334825 -0.03875241 -0.07199457 0.10657334 -0.13590200 -0.11385166 -0.01379415 -0.00885580 0.02256776 0.02612197 -0.01182820 0.03175912 -0.03765678 -0.39808097 -0.07920911 -0.10689296 0.08178513 -0.07069605 -0.07031317 0.08181277 -0.15009393 -0.05330467 0.05454103 0.06197523 -0.09288557 0.04341397 0.19170074 0.00867649 -0.19152774 0.00257803 0.03875512 0.21444203 0.18164639 0.07507392 -0.02604579 -0.09036997 0.10357323 -0.23568827 0.09738408 0.22683106 0.16443004 0.16451411 0.04897749 -0.17052372 0.00006035 0.13409421 -0.11959550 0.06939919 0.01469557 -0.02993887 0.07172154 0.00271329 0.17704947 0.02367966 -0.09395284 -0.15467645 0.11528352 -0.18144311 -0.02720633 0.09763215 -0.10038169 -0.20626101 -0.22067448 0.06888077 0.38234958 0.14293714 -0.15505317 0.00738757 -0.04808443 -0.09765065 0.05791146 0.04036056 -0.07872497 -0.04892816 -0.08012295 -0.03367252 0.18117416 -0.05088117 0.03500783 0.22968854 -0.01448141 0.13615267 0.05856617 0.11541957 -0.05082987 0.03549096 -0.12014490 0.00337589 -0.04539352 -0.13817874 0.00232826 0.04252467 -0.19531381 0.17234173 -0.01219660 0.02082756 -0.01819565 0.02103033 -0.05993116 -0.01855904 0.20324977 -0.28363866 0.24942128 0.15424854 0.07685255 0.17376930 0.06511796 0.05745070 -0.00681978 -0.13504349 -0.14454937 -0.05515343 0.00997982 -0.03986692 -0.05086305 0.03081720]
Pavel#3.jpg:[-0.21469565 0.11163310 0.06239505 -0.01911056 0.02888857 -0.08109997 -0.07212035 -0.03440096 0.09912911 0.00305262 0.22379804 -0.06777534 -0.20272236 -0.07876197 -0.05901530 0.09354933 -0.21534437 -0.06705489 -0.09990831 -0.07433341 0.11212981 0.02159249 0.00700393 0.04031850 -0.19476727 -0.29536286 -0.07986245 -0.10295073 0.00788859 -0.02384038 0.04987298 0.03707933 -0.12745693 -0.00156640 0.00759907 0.06991453 -0.07331567 0.00425214 0.24183251 -0.02346179 -0.13310908 0.03726677 -0.02662924 0.30080828 0.19260460 0.04523599 0.05055068 -0.10900726 0.16747169 -0.25688374 -0.00974479 0.28897157 0.07592858 0.06670567 0.09865522 -0.13467160 0.03075376 0.17880104 -0.25347859 0.06815930 -0.04946812 -0.08855571 0.01957049 -0.08995652 0.11796355 0.11837392 -0.16550836 -0.13127710 0.17490670 -0.13137168 0.03724210 0.14793560 -0.10245644 -0.30510646 -0.28991583 0.05049013 0.37484574 0.12756132 -0.15822232 0.06276224 -0.03026218 -0.10984217 0.04892525 0.11500788 -0.17839642 0.02886721 -0.10848684 0.04359721 0.13913406 -0.00306946 -0.01396024 0.21521839 0.03029837 0.01762108 0.05149977 0.05350486 -0.15416351 -0.01929189 -0.07934646 0.02220031 0.02992662 -0.12255711 0.00962272 0.02903848 -0.05283796 0.19652995 -0.02523310 0.00078796 -0.16730863 -0.06617102 -0.04783923 0.04232282 0.16705322 -0.22766228 0.15917990 0.13038652 0.00876770 0.19668388 0.08910394 0.06124290 -0.08037969 0.01799295 -0.12761717 -0.03037385 0.02879465 -0.00140090 0.09430330 -0.00810912]
Pavel#0.jpg:[-0.21431066 0.12427314 0.05534533 -0.02781229 0.02216920 -0.05184195 -0.05490796 -0.04334518 0.08880339 0.00395368 0.25279519 -0.05596744 -0.22464278 -0.09220655 -0.06071059 0.08696374 -0.20272864 -0.05353621 -0.12237984 -0.08489975 0.11471005 0.04259133 0.00378938 0.03663692 -0.20012119 -0.29214424 -0.07134312 -0.08233589 0.00218018 -0.02873975 0.04942702 0.07721936 -0.13226070 -0.01243149 0.03377058 0.07317692 -0.07212195 0.00843208 0.22681084 0.00223192 -0.10253569 0.04377874 -0.01224652 0.32273847 0.19991371 0.03298966 0.04542421 -0.11349259 0.17162222 -0.24170360 -0.03157942 0.28802148 0.06967701 0.06743406 0.12076530 -0.12687884 0.02543221 0.18440776 -0.23669535 0.05054418 -0.06826742 -0.10157217 -0.00953519 -0.11825202 0.10962664 0.10421040 -0.16066156 -0.15758449 0.17562522 -0.10047269 0.01652266 0.17676486 -0.12632860 -0.27465028 -0.27306670 0.05815493 0.39525953 0.13160862 -0.16760997 0.06108080 -0.03590545 -0.11515530 0.04975323 0.10489604 -0.16346645 0.01613429 -0.09614580 0.04978382 0.13496853 0.01306607 -0.03599586 0.22037008 0.02980084 0.00593348 0.06325359 0.02649267 -0.16725229 -0.02912305 -0.09686430 -0.03039119 0.03197582 -0.12592141 0.01419736 0.04436838 -0.05516012 0.19171898 -0.02709515 0.01728845 -0.14329869 -0.07994621 -0.04637334 0.06439443 0.15307449 -0.25738993 0.15260175 0.11269898 0.01010702 0.16831990 0.09068987 0.05101888 -0.08265197 0.03173439 -0.11782284 -0.05022204 0.04560125 -0.00085683 0.09745952 -0.04969364]
Gleb#9.jpg:[-0.19118968 0.07900053 0.00695537 -0.07207014 -0.20719333 0.07128866 0.01829202 -0.08614959 0.11590531 -0.08685522 0.22654046 -0.04954290 -0.29232663 -0.00341198 0.01174274 0.14940156 -0.09718424 -0.14774252 -0.14852944 -0.03598229 -0.05433331 0.03086554 0.05579872 0.04811862 -0.10175154 -0.36533567 -0.07351904 -0.07715543 0.08671311 -0.02545430 -0.00590096 0.06347322 -0.06901259 -0.00819987 0.08872633 0.06506676 -0.10705950 0.00384740 0.30581012 0.01589769 -0.25316417 0.09027882 0.03751773 0.33944276 0.21297221 0.04756287 0.03974877 -0.14437561 0.09633055 -0.28133231 0.10874102 0.21150528 0.15092970 0.02829406 0.02177054 -0.15321341 -0.00047469 0.19504282 -0.25711656 0.07162205 0.08161943 -0.06873947 -0.06696140 -0.11196993 0.17607090 0.11366711 -0.19118795 -0.16477256 0.12790652 -0.17505142 -0.03217506 0.10857472 -0.17245206 -0.26773483 -0.24834077 0.07134717 0.38737535 0.21812291 -0.20533663 -0.02899525 -0.03713348 -0.02801018 0.03249771 0.13274111 -0.10545857 -0.15595211 -0.05345175 -0.02957945 0.13635845 -0.07797956 -0.01028354 0.26419890 0.13009202 0.00628997 -0.00686376 0.11074402 -0.11883508 -0.06136558 -0.14668638 -0.06058798 -0.05012331 -0.07584349 0.06347903 0.06205263 -0.24283446 0.30047444 -0.03545329 -0.01900987 -0.01577767 -0.05276431 0.01594155 -0.01315954 0.18391320 -0.27234289 0.14736307 0.25099301 0.08300517 0.18344229 0.13680065 0.02166392 0.02810897 0.03772569 -0.16927630 -0.06090602 0.05722667 -0.07060865 0.04044807 0.05663332]
Sergey#9.jpg:[-0.01856190 0.02884552 -0.02769142 -0.03518613 -0.14454632 0.12008937 -0.04085039 -0.01629035 0.20497388 -0.06576246 0.21036202 -0.02790065 -0.26558605 -0.04320689 -0.06102310 0.10619177 -0.14315215 -0.12003585 -0.03076522 0.00571705 0.02186914 0.01536609 -0.00961559 0.03090745 -0.02666588 -0.40255263 -0.06779185 -0.09778215 0.08038543 -0.07576928 -0.07456304 0.08759244 -0.14716311 -0.04404159 0.04710849 0.05260511 -0.10521877 0.03158854 0.19631365 0.00059049 -0.19311339 0.01086264 0.03435022 0.20240037 0.19904114 0.06974412 -0.01867522 -0.08952168 0.11322542 -0.25567818 0.08080423 0.24031545 0.16298556 0.16011707 0.04520732 -0.16549498 0.00655607 0.12232953 -0.11066274 0.05610567 0.01233767 -0.03234968 0.06417883 -0.00884775 0.18063800 0.02297139 -0.09579220 -0.15915240 0.10775109 -0.17363910 -0.04215627 0.08901808 -0.11208364 -0.21105786 -0.22020945 0.06459013 0.37613690 0.14543645 -0.15719777 0.02312286 -0.05429879 -0.09294797 0.04512545 0.04156325 -0.08699647 -0.05704394 -0.08533675 -0.03276269 0.18460053 -0.04933985 0.03530310 0.22683787 0.00104405 0.13414553 0.06288473 0.11003828 -0.03558947 0.03102364 -0.12581958 0.00754610 -0.04383103 -0.13225074 0.00359042 0.04234439 -0.18944354 0.18489236 -0.02237625 0.03434465 -0.00994501 0.00039097 -0.06311630 -0.00407143 0.19107015 -0.28547651 0.24484660 0.15190397 0.09014551 0.16342390 0.07023670 0.05627070 -0.01474665 -0.11733340 -0.15934852 -0.05742736 0.02341869 -0.03770277 -0.05643973 0.03302985]
Pavel#8.jpg:[-0.21159880 0.09321851 0.03148491 -0.04306819 0.02702574 -0.08198699 -0.08057476 -0.04479620 0.09005719 -0.01910276 0.23404291 -0.07231561 -0.20773418 -0.10101078 -0.04350835 0.09192266 -0.22366849 -0.08021361 -0.08401877 -0.06773158 0.12663142 0.01542518 0.00476483 0.03596582 -0.21292774 -0.29614916 -0.09624986 -0.11913233 -0.00352691 -0.02671183 0.04894261 0.02729172 -0.11797730 0.01607085 0.02763651 0.07523936 -0.03500284 0.00710307 0.23734327 -0.02207217 -0.13007201 0.02868155 -0.03789197 0.28888205 0.17291568 0.02652085 0.04462142 -0.10259759 0.18693751 -0.24038652 0.01652813 0.27685964 0.07693594 0.06797522 0.12435742 -0.11104706 0.02554352 0.21234518 -0.25240764 0.06314323 -0.05177790 -0.06271571 0.02768640 -0.11254557 0.13392252 0.11491396 -0.19054031 -0.13786852 0.17467226 -0.10702523 0.01797428 0.13565795 -0.11777529 -0.29043210 -0.28924483 0.05789705 0.37034267 0.14082526 -0.17779736 0.05768310 -0.04739326 -0.11929093 0.04198005 0.10175169 -0.15355134 0.04675601 -0.09985446 0.03530633 0.13761866 0.00345703 -0.01512191 0.23632316 0.00228320 0.04058398 0.04884814 0.04837970 -0.15975159 -0.03813717 -0.05944541 0.01028279 0.02447959 -0.12943077 0.00559276 0.05689895 -0.04946788 0.19065236 -0.03574320 0.02074529 -0.17332612 -0.03619167 -0.04096910 0.03318257 0.14182027 -0.25177255 0.15773335 0.11671567 0.01995061 0.18338864 0.07303991 0.04825262 -0.08203818 0.00994191 -0.13784871 -0.03674373 0.03132540 0.01508435 0.08351526 -0.00533019]
Sergey#0.jpg:[-0.01193546 0.03981004 -0.01149455 -0.07964320 -0.19184144 0.10831930 -0.00292695 -0.02076122 0.22959496 -0.07653552 0.24475466 -0.01491344 -0.26517269 -0.04863647 -0.06071315 0.12099135 -0.13715449 -0.10404155 -0.05657116 -0.06846310 0.01053459 0.04437251 -0.01560803 0.01702223 -0.05560788 -0.36030185 -0.09291201 -0.08027445 0.13612172 -0.08950764 -0.01819176 0.08630800 -0.14254718 -0.04063619 0.05844461 0.04337046 -0.11832764 0.02089880 0.20849612 -0.00501296 -0.17905456 0.02571357 0.06197584 0.20258296 0.15823033 0.02666150 0.00082003 -0.10474840 0.13977085 -0.21273196 0.09605990 0.22697812 0.17274229 0.14276993 0.05974339 -0.15500736 -0.02454221 0.21189447 -0.16199644 0.09437163 0.00424280 -0.04830623 0.00910250 -0.01738412 0.12168011 0.01342469 -0.10552850 -0.19169296 0.13821077 -0.17567262 -0.01523113 0.13133591 -0.11516651 -0.20697260 -0.22333772 0.09232254 0.40907604 0.12591606 -0.13970086 0.00218351 -0.02546096 -0.12547868 0.01221932 0.04909078 -0.09736279 -0.07604381 -0.08200715 0.00916592 0.16926034 -0.07500522 0.05326666 0.25650844 0.03082214 0.12492540 0.01273296 0.11112845 -0.08478586 0.00419770 -0.11075957 -0.01737768 -0.04978105 -0.14618884 -0.00719676 0.02355612 -0.17549570 0.20912509 0.00193484 -0.00264848 -0.06240781 -0.01250597 -0.04153889 -0.01914814 0.21522212 -0.26850048 0.22934361 0.16478217 0.08753765 0.17320588 0.07135043 0.03803682 0.01692086 -0.14370158 -0.11324845 -0.04511585 0.00787426 -0.08375344 -0.05500761 0.01684649]
Gleb#7.jpg:[-0.15464915 0.11582255 0.01156347 -0.06233049 -0.18632296 0.06991985 0.03008992 -0.07328202 0.14969847 -0.10026906 0.21321610 -0.03829184 -0.28559601 -0.01129419 0.03038281 0.12520483 -0.11847103 -0.14764182 -0.12750779 -0.03491507 -0.05647762 0.06385406 0.02827936 0.03339512 -0.12507850 -0.36939636 -0.05393560 -0.08143131 0.14315496 -0.04318038 0.00931469 0.10610053 -0.04250080 0.01885090 0.09662605 0.05762967 -0.10647568 0.01711666 0.29369760 0.02266448 -0.28282127 0.05614037 0.02798233 0.32407576 0.21613976 0.03460801 0.05107264 -0.15301247 0.08596804 -0.29020566 0.07333428 0.21967334 0.10302700 0.05066987 0.05296133 -0.19005127 -0.03218962 0.14890023 -0.24169081 0.06488770 0.06186543 -0.07798858 -0.06456411 -0.05052761 0.15691039 0.07737797 -0.17430024 -0.16657884 0.14068988 -0.20784305 -0.02708903 0.18139246 -0.11804090 -0.25302696 -0.21004562 0.07416260 0.37731820 0.21674982 -0.17465219 -0.01583098 -0.02991859 -0.03782137 0.05917551 0.12166207 -0.12881447 -0.15038544 -0.05501171 -0.02261129 0.15547441 -0.06871923 -0.00681988 0.24582723 0.11654383 0.00705263 -0.00291771 0.12189949 -0.12353444 -0.06954377 -0.14150971 -0.11171910 0.03530233 -0.07660083 0.05158705 0.08923411 -0.24723767 0.30096593 -0.03137551 -0.04790982 0.01041543 -0.04873924 0.03268841 0.01257708 0.19698927 -0.27611053 0.17500895 0.23240535 0.05480373 0.18377605 0.13201059 0.00208720 0.02131059 -0.02263291 -0.11714476 -0.08746748 0.05216979 -0.06263330 0.02680271 -0.01245331]
Gleb#0.jpg:[-0.18816496 0.09612460 0.01633012 -0.03383781 -0.18392012 0.08477611 0.04551952 -0.07362260 0.13955405 -0.08956273 0.20306258 -0.06099122 -0.28506517 0.01078520 0.04082460 0.09323068 -0.11213698 -0.15072411 -0.12120085 -0.05961066 -0.07111308 0.04778779 0.00624444 0.03163664 -0.14989272 -0.34477234 -0.05876051 -0.09206547 0.11077133 -0.05492181 0.01990459 0.10200305 -0.04020669 0.00959644 0.10365646 0.08736268 -0.11246803 0.02903534 0.27944779 -0.00678212 -0.25380787 0.05396835 0.04064940 0.33927542 0.21185240 0.04384570 0.00984709 -0.13328463 0.08650194 -0.30184570 0.08577223 0.22615729 0.10276201 0.07154018 0.03853645 -0.18200044 -0.03804308 0.14990577 -0.21602459 0.08249006 0.08095905 -0.09784229 -0.04973309 -0.06505497 0.14966542 0.08468658 -0.17192200 -0.15725064 0.12890799 -0.21227932 -0.03055321 0.18035100 -0.12967102 -0.27124780 -0.20584191 0.10274622 0.39356646 0.22210917 -0.15752853 -0.04282680 -0.02252613 -0.02461124 0.05120355 0.12007251 -0.11844881 -0.16529205 -0.03864091 -0.00982480 0.17150170 -0.05354170 -0.02329517 0.22247303 0.10617545 0.00257843 0.00432970 0.10234415 -0.09494937 -0.07665280 -0.15242079 -0.08937491 0.00312445 -0.08737598 0.05367539 0.09039696 -0.23858418 0.30297926 -0.02361202 -0.05130093 -0.00504819 -0.04733546 0.02173845 0.03239897 0.22055565 -0.29383567 0.17558508 0.23696622 0.07841183 0.19037718 0.11176144 0.00428130 0.02728514 0.00348138 -0.12124567 -0.07704812 0.04284196 -0.05590431 0.01897492 -0.00466836]
Pavel#9.jpg:[-0.21044634 0.08537024 0.04774034 -0.03788784 0.02606755 -0.08949328 -0.07746112 -0.03520960 0.10291735 -0.01211347 0.22767210 -0.06194247 -0.20111528 -0.07610320 -0.06632537 0.09255424 -0.21782993 -0.07309823 -0.08605923 -0.07023400 0.11779094 0.01023289 0.00530238 0.03009769 -0.20784770 -0.28139120 -0.09679070 -0.10804491 0.00112717 -0.02126186 0.04444740 0.04107359 -0.11575914 0.01200034 0.02807715 0.07241064 -0.04646438 0.00877085 0.23278742 -0.01529966 -0.13859484 0.03640751 -0.04249841 0.29413706 0.17141370 0.03493272 0.04260609 -0.11575612 0.18318576 -0.23990259 0.01987041 0.28175548 0.07378016 0.06350443 0.12378337 -0.10926697 0.03354488 0.19815916 -0.24691252 0.06259228 -0.04405448 -0.06322978 0.02396820 -0.11661202 0.11048402 0.12078995 -0.18010485 -0.13942690 0.18397070 -0.11274613 0.01839491 0.14075875 -0.10919398 -0.29190663 -0.28986782 0.05262255 0.38267297 0.14486919 -0.16762502 0.06091731 -0.03734893 -0.12041448 0.04073475 0.10915741 -0.17657088 0.05628882 -0.09811250 0.02979100 0.13419105 0.00652935 -0.02259414 0.22185665 0.01343273 0.03156414 0.05319409 0.05221459 -0.16048340 -0.03734204 -0.07801115 -0.00189876 0.03059152 -0.12647328 0.00127317 0.05536022 -0.04903429 0.19438663 -0.03392398 0.01139447 -0.17133239 -0.03084229 -0.03963519 0.03390143 0.14253891 -0.23780252 0.14919364 0.11684571 0.02790482 0.17656642 0.08250839 0.04899976 -0.08392023 0.01342932 -0.12678024 -0.04209524 0.02718040 0.01225994 0.08845077 -0.00333404]
Pavel#2.jpg:[-0.21094753 0.11698990 0.06795439 -0.01926239 0.02118764 -0.06657138 -0.07134442 -0.02690925 0.08990630 0.00566981 0.23975240 -0.07365305 -0.21033487 -0.08720861 -0.05216633 0.08827502 -0.20190503 -0.06294849 -0.10500409 -0.08306284 0.11438604 0.03246716 0.00135093 0.03549859 -0.21057077 -0.30499157 -0.07759657 -0.09413807 0.00604871 -0.03501696 0.04234294 0.04983163 -0.12699953 -0.00387689 0.01374599 0.05968465 -0.07680499 0.00041703 0.23391213 -0.02229780 -0.12022149 0.03754056 -0.01941819 0.31122077 0.20386887 0.04092256 0.04456594 -0.10904468 0.16209875 -0.24775629 -0.00839683 0.29100528 0.06641880 0.06796911 0.11603593 -0.12176693 0.01417019 0.18075618 -0.24208958 0.06407296 -0.06762831 -0.08271177 0.01443858 -0.11806703 0.12134708 0.10942676 -0.16379982 -0.13570139 0.17439920 -0.12182642 0.03256516 0.15659377 -0.11107088 -0.29537675 -0.28319106 0.05477178 0.37421483 0.12560566 -0.17083822 0.06239807 -0.02546402 -0.12467825 0.05185064 0.10849051 -0.17051603 0.01989085 -0.09601075 0.05264040 0.14928815 -0.00006648 -0.01776055 0.22641934 0.02482604 0.00711265 0.06105290 0.04234054 -0.15903476 -0.02230896 -0.08095403 0.00712345 0.03767203 -0.13288811 0.00906398 0.04046797 -0.05289196 0.19445956 -0.01948774 0.01387060 -0.15151489 -0.07086320 -0.05538520 0.04195761 0.17042772 -0.23891704 0.15280725 0.11381116 0.01282890 0.18431827 0.08526997 0.05947225 -0.08141786 0.02200430 -0.12262832 -0.02580134 0.03791386 -0.00710784 0.09432882 -0.01636768]
Pavel#4.jpg:[-0.20735382 0.10033420 0.05401896 -0.03022606 0.03548570 -0.08725137 -0.06987185 -0.03525130 0.09294453 -0.00591177 0.24034785 -0.07510442 -0.20625435 -0.08582881 -0.04953850 0.08644740 -0.20814762 -0.06107371 -0.09747830 -0.07469707 0.11441877 0.01280058 0.00882197 0.03673378 -0.20120570 -0.30166531 -0.10332774 -0.09442432 0.01300553 -0.03322906 0.05026334 0.04002261 -0.12907884 0.00119086 0.01426975 0.06536230 -0.05657253 0.00605082 0.23339505 -0.02560353 -0.12920257 0.02622746 -0.03278507 0.29771119 0.18361226 0.04479275 0.04525377 -0.10632067 0.15444249 -0.24244359 0.00080747 0.28560904 0.07133840 0.06465666 0.09781189 -0.11218338 0.02860302 0.18577468 -0.25570774 0.05857078 -0.04610034 -0.08425049 0.01383478 -0.09793689 0.11837226 0.11641901 -0.18134004 -0.13582335 0.17686939 -0.13194793 0.04282993 0.14039376 -0.10522263 -0.30045208 -0.29475042 0.05714990 0.37161601 0.12814805 -0.16047093 0.06318066 -0.04086849 -0.11624023 0.04444680 0.10958168 -0.17556466 0.03736007 -0.10117035 0.05232629 0.13539931 -0.00240907 -0.01214794 0.22179525 0.01291891 0.02511406 0.05208000 0.06327336 -0.15423810 -0.02759771 -0.06704946 0.03118272 0.03425603 -0.13015339 0.00432314 0.04655606 -0.05224741 0.20263217 -0.02521278 0.00176510 -0.15797965 -0.05770735 -0.04786088 0.02377594 0.15651247 -0.24341150 0.14761479 0.13242967 0.01078079 0.18737161 0.08253760 0.06491498 -0.07724543 0.01234685 -0.13230526 -0.03042104 0.02508647 -0.00324801 0.08389503 -0.01589338]
Sergey#3.jpg:[-0.01985678 0.03306292 -0.02915748 -0.03659490 -0.13985774 0.10362942 -0.03686770 -0.02227920 0.21425101 -0.07243471 0.21291882 -0.03630238 -0.26748142 -0.03576072 -0.07369646 0.10862486 -0.13041452 -0.12008763 -0.02102586 -0.00423485 0.02766685 0.02359758 -0.01667879 0.03723941 -0.02616824 -0.39253801 -0.07708053 -0.09598523 0.08097563 -0.06928623 -0.06025739 0.08281263 -0.15220146 -0.05468588 0.04533836 0.06067722 -0.09797204 0.03727845 0.20207293 0.01062456 -0.19640654 0.00576369 0.03539174 0.21632428 0.17973736 0.07536758 -0.02020202 -0.09447685 0.10441815 -0.24286515 0.09888605 0.23134448 0.17057973 0.16529755 0.03826993 -0.18361175 0.00463101 0.13754062 -0.11949424 0.06884439 0.01255516 -0.02712644 0.07849174 0.00794553 0.17968047 0.02116731 -0.09343569 -0.14381553 0.12348380 -0.17792255 -0.02740820 0.09344532 -0.10532975 -0.21873686 -0.21980432 0.07799013 0.38558817 0.14402658 -0.15691851 0.00731065 -0.04411337 -0.09283210 0.06259544 0.04721570 -0.07672754 -0.06215536 -0.08448566 -0.03499721 0.18473093 -0.04913284 0.02867725 0.23381463 0.00035575 0.13085951 0.06030385 0.12156241 -0.04204423 0.03959710 -0.12305310 0.01154751 -0.04746738 -0.13431917 -0.00158066 0.04175409 -0.18790780 0.17826988 -0.00902836 0.02245869 -0.02350308 0.01589301 -0.06076713 -0.02005270 0.19958644 -0.27361643 0.25244802 0.15563805 0.07614234 0.18192001 0.06956898 0.06600375 0.00194692 -0.13731141 -0.15101936 -0.05519481 0.01823193 -0.03496241 -0.05044422 0.03834443]
Gleb#6.jpg:[-0.16616511 0.09564086 0.01449758 -0.04015172 -0.17331317 0.07338036 0.03620977 -0.05458924 0.14975907 -0.08376725 0.22011916 -0.03625662 -0.28505737 -0.02423221 0.04744719 0.11231005 -0.10459504 -0.13601691 -0.11757325 -0.02944909 -0.05396077 0.04603316 0.02111209 0.03832246 -0.12478330 -0.36494032 -0.05567722 -0.07878217 0.15884590 -0.03857034 0.00313962 0.09818086 -0.05980580 -0.00627537 0.09668832 0.07076228 -0.10982673 0.01534073 0.28975749 -0.00314628 -0.27270856 0.05393171 0.03305544 0.32008192 0.20999770 0.04877857 0.04674620 -0.13883476 0.08385010 -0.28963944 0.07952096 0.21816881 0.11368301 0.05630084 0.04257227 -0.19720867 -0.03300933 0.14601395 -0.23660395 0.09106050 0.06238571 -0.07343870 -0.05081731 -0.05331760 0.14613684 0.06332856 -0.17522730 -0.17377107 0.14767829 -0.21592130 -0.01367320 0.19204459 -0.11723302 -0.27142590 -0.21877819 0.08886105 0.38374695 0.22766161 -0.17629679 -0.02039329 -0.02362451 -0.04501333 0.05899069 0.12868866 -0.10344213 -0.15747268 -0.06043158 -0.02745871 0.17148659 -0.05449510 -0.00786745 0.24172826 0.12297571 0.01142040 -0.01113955 0.12387168 -0.11056654 -0.06392542 -0.15149637 -0.09301535 0.02017273 -0.07772463 0.05564358 0.08867045 -0.23250216 0.30746442 -0.01981436 -0.03737281 0.00680323 -0.03623790 0.01226904 0.01708171 0.19783421 -0.27826783 0.18879855 0.23468068 0.08135751 0.17893690 0.13348550 0.01085771 0.04274856 -0.02013388 -0.12599924 -0.09391587 0.03133911 -0.07805697 0.02939823 0.00147790]
Gleb#3.jpg:[-0.16903751 0.10994419 0.01403438 -0.04761163 -0.19928342 0.06847151 0.02762343 -0.06098437 0.13651657 -0.06820990 0.23047692 -0.05953956 -0.27841848 -0.01523033 0.04160073 0.11217396 -0.12617581 -0.12677765 -0.12249408 -0.02805118 -0.06159805 0.03247077 0.00844175 0.04371323 -0.14841369 -0.35193953 -0.05336205 -0.07568334 0.12963942 -0.05939039 0.01515386 0.11456603 -0.04275308 -0.01024083 0.09544207 0.06579588 -0.12102134 0.01446863 0.28816015 -0.02432859 -0.27407685 0.06393941 0.05314910 0.31760651 0.22484250 0.03687140 0.04515025 -0.12653252 0.08584074 -0.29353032 0.07673723 0.21259874 0.13578460 0.05946436 0.04154740 -0.18748106 -0.03922088 0.17204723 -0.21928883 0.08391221 0.07074442 -0.09642673 -0.03885361 -0.04733490 0.14911596 0.07282274 -0.17665912 -0.15374097 0.13138980 -0.19410127 -0.02594304 0.19206403 -0.11686815 -0.27644998 -0.22820172 0.09249607 0.38962126 0.21540476 -0.18409410 -0.04049845 -0.01193019 -0.04065379 0.04839062 0.12868211 -0.12356685 -0.18108545 -0.05962466 -0.01319327 0.17311835 -0.05691138 -0.00677079 0.23749574 0.13179109 0.00380979 -0.01195711 0.11502929 -0.09964059 -0.06299648 -0.12701818 -0.07604851 0.02895796 -0.08200561 0.05075641 0.09334328 -0.23020580 0.30188584 -0.01885134 -0.03269875 0.00053886 -0.04417387 0.03535588 0.02472911 0.20489807 -0.28724742 0.16916107 0.22581567 0.06780400 0.18026182 0.12308836 0.00264383 0.04225751 -0.01468484 -0.11107716 -0.07848870 0.04909914 -0.08020272 0.04223367 0.00130614]
Sergey#8.jpg:[-0.02257825 0.03557385 -0.01724613 -0.03233430 -0.14045626 0.12007529 -0.03908707 -0.01102814 0.20549785 -0.06463499 0.20640466 -0.03322557 -0.26619911 -0.04310159 -0.06269727 0.11286759 -0.13735221 -0.12243050 -0.02661713 0.00322066 0.01898560 0.01662739 -0.01929440 0.03262173 -0.03738154 -0.40131372 -0.05901963 -0.09949042 0.06998812 -0.07011972 -0.07680593 0.08310805 -0.14290278 -0.04781774 0.05055469 0.05684112 -0.10078974 0.03824009 0.18819371 0.00162269 -0.20192134 0.01319242 0.03601545 0.20836595 0.19252636 0.08258120 -0.02057254 -0.08854758 0.10850505 -0.26055515 0.08262143 0.23201363 0.15484107 0.15617552 0.04348191 -0.18172361 0.00497476 0.12578830 -0.11719657 0.06386524 0.00434145 -0.03654849 0.07459534 0.00152400 0.18031633 0.02447803 -0.09357075 -0.14825846 0.11189049 -0.17597234 -0.03142603 0.08716526 -0.10274585 -0.21951477 -0.22362278 0.06978822 0.38097706 0.15340635 -0.15987083 0.01527465 -0.04525717 -0.08396490 0.05640194 0.04377349 -0.09028626 -0.05751742 -0.08471487 -0.04046042 0.18768772 -0.04328077 0.03479746 0.22991496 -0.00109974 0.12752433 0.06191829 0.10846767 -0.04239487 0.03443857 -0.12764351 0.00009541 -0.03881402 -0.13606796 0.00989008 0.04662107 -0.20186661 0.17837234 -0.02202392 0.02844042 -0.01233538 0.01390451 -0.05844740 -0.00612982 0.19822831 -0.27655452 0.24699305 0.16439044 0.09171837 0.17296518 0.07832512 0.04885222 -0.00735406 -0.12145107 -0.15209734 -0.05616282 0.02451156 -0.04477032 -0.04356042 0.03702252]
Gleb#4.jpg:[-0.15355980 0.09079248 -0.00432198 -0.05307171 -0.17435612 0.06793599 0.04128204 -0.06437770 0.16736665 -0.09559893 0.24353032 -0.04422697 -0.29530519 0.00228792 0.03213402 0.10403690 -0.13141747 -0.13509898 -0.13195492 -0.01186079 -0.04187013 0.03811559 0.01565280 0.04686201 -0.12119451 -0.36280510 -0.06230904 -0.06397341 0.14456430 -0.05940122 0.02872373 0.11318078 -0.05239882 0.00233382 0.08975488 0.05871727 -0.11250395 0.01234584 0.30152515 0.00317363 -0.26609355 0.05121418 0.03313083 0.32912299 0.21376035 0.03587411 0.02971563 -0.13961911 0.07468894 -0.31255752 0.06221447 0.23333652 0.11271911 0.06785067 0.04568674 -0.17991407 -0.02718142 0.15050851 -0.23306452 0.08172341 0.06766588 -0.07804331 -0.04993092 -0.05398882 0.14678325 0.06735017 -0.17723235 -0.16557306 0.13181031 -0.20969954 -0.03256319 0.19000296 -0.12500617 -0.27623284 -0.20414484 0.06817464 0.39544487 0.21423641 -0.18102813 -0.01986944 -0.03403479 -0.05626104 0.05480814 0.10625963 -0.10079665 -0.17079590 -0.07107999 -0.01172861 0.17137511 -0.05710862 -0.01036391 0.24556483 0.12270947 -0.00701155 0.00414209 0.12254627 -0.10138211 -0.06998774 -0.16052778 -0.09763632 0.01711264 -0.07180831 0.03812737 0.07787701 -0.22616598 0.31354147 -0.01040055 -0.04652416 0.01533455 -0.04342372 0.00887696 0.01761158 0.20392226 -0.28908530 0.18112037 0.22112289 0.07915267 0.17410357 0.10614624 0.01386653 0.02366166 -0.01026141 -0.11474733 -0.09537740 0.02382460 -0.05551185 0.02668998 -0.02111780]
Pavel#7.jpg:[-0.21220833 0.08999005 0.02182118 -0.04858213 0.02984187 -0.09093491 -0.08091413 -0.03709691 0.09423897 -0.01453760 0.22762582 -0.07396063 -0.20186365 -0.09360508 -0.05586283 0.08762939 -0.22938560 -0.07369217 -0.07506547 -0.06938151 0.13192841 0.01685354 -0.00043647 0.03711158 -0.20828046 -0.29168257 -0.10336529 -0.11752036 0.00726716 -0.02682727 0.05044864 0.04064651 -0.11399554 0.01419069 0.02781052 0.08684117 -0.04437532 0.01684655 0.23139378 -0.01402557 -0.12910601 0.02956603 -0.03724343 0.29902366 0.18374574 0.03836738 0.04066383 -0.09421997 0.18149325 -0.24705911 0.00741529 0.27866319 0.08206552 0.06493421 0.12465147 -0.10921790 0.02839313 0.20322797 -0.25777429 0.05882415 -0.05135097 -0.06516419 0.02618255 -0.10236147 0.12310567 0.11445957 -0.18645720 -0.14015484 0.18627524 -0.12592646 0.01203058 0.13888669 -0.10649732 -0.29388985 -0.28550330 0.05608717 0.37276527 0.14723986 -0.15959576 0.07250000 -0.03139532 -0.12494656 0.04536336 0.09632777 -0.16759974 0.05207809 -0.10655398 0.03033015 0.13553919 0.00164062 -0.01465788 0.22416304 0.00209460 0.04938746 0.05328688 0.04696130 -0.15632313 -0.03074982 -0.07012501 0.00733937 0.02858271 -0.13349897 0.00086943 0.05691789 -0.04282415 0.19669667 -0.03777944 0.01309356 -0.18564670 -0.03654729 -0.04738600 0.04312254 0.14637195 -0.24808511 0.15347448 0.12466225 0.01871470 0.18050630 0.08663912 0.03847808 -0.07429199 0.00558789 -0.14430416 -0.04475546 0.02689648 0.00880497 0.08019461 -0.00938460]
Gleb#1.jpg:[-0.17957789 0.08726253 0.02227907 -0.03931051 -0.17840309 0.07478637 0.04859991 -0.05501279 0.15053582 -0.09005416 0.22189938 -0.04983248 -0.27709478 -0.01164096 0.04725747 0.09505360 -0.09461334 -0.13999355 -0.12529573 -0.02473648 -0.06282315 0.04861853 0.02988518 0.03645029 -0.13654867 -0.36621508 -0.06906830 -0.06885856 0.13316894 -0.05487379 0.02056833 0.10910709 -0.05405455 -0.00874757 0.09517799 0.07577119 -0.11822375 0.02585605 0.29358050 0.00186587 -0.27071720 0.05131096 0.02795889 0.34419107 0.20586140 0.04748256 0.01948690 -0.12719689 0.07517719 -0.29953048 0.09477103 0.21947987 0.10737596 0.05452859 0.05483086 -0.17786077 -0.02671956 0.16587973 -0.21966510 0.09067765 0.05416464 -0.08527381 -0.03770144 -0.05286688 0.14770125 0.07290808 -0.16249296 -0.16095881 0.13127452 -0.19172414 -0.01345507 0.19721976 -0.12694919 -0.27160215 -0.20574102 0.09013237 0.39582205 0.21111582 -0.17263986 -0.02514976 -0.02495042 -0.04435480 0.05167357 0.12173305 -0.11950640 -0.15912117 -0.05616640 -0.01113119 0.16247874 -0.04755946 -0.02196371 0.24264579 0.11181130 0.00251074 0.00823393 0.09868900 -0.10096998 -0.06347301 -0.15394616 -0.10393465 0.03496781 -0.08442715 0.05017179 0.08989919 -0.24749185 0.30985132 -0.01467214 -0.03613070 0.02015514 -0.04409558 0.01715969 0.02885799 0.20570692 -0.29260623 0.18020868 0.22404321 0.07105641 0.18443081 0.12504905 0.00059743 0.03703431 -0.00242678 -0.11740397 -0.07050358 0.04797322 -0.06619726 0.03690344 -0.00000259]
Sergey#7.jpg:[-0.02380657 0.03181624 -0.02206861 -0.03035541 -0.14974089 0.12043606 -0.03494573 -0.00901231 0.20550086 -0.05582114 0.20848051 -0.03052969 -0.27108732 -0.04529116 -0.05876807 0.11300800 -0.14125568 -0.11584713 -0.03230255 0.00418163 0.02306893 0.01366162 -0.01871577 0.03918110 -0.03244515 -0.40362215 -0.06196102 -0.09539893 0.08430745 -0.07439082 -0.07647503 0.08395647 -0.14089258 -0.05510481 0.05303637 0.05100952 -0.10457870 0.02556920 0.19417706 -0.00151170 -0.20101033 0.01783971 0.03933778 0.20894662 0.18865880 0.08082496 -0.01358437 -0.08795073 0.11494143 -0.25942758 0.07573676 0.23618864 0.16442898 0.15466936 0.04613046 -0.17998703 0.00507034 0.12511399 -0.11694439 0.06499233 0.00629938 -0.03863210 0.07587552 -0.00740220 0.17153630 0.02132850 -0.09002843 -0.15172136 0.11228684 -0.17365897 -0.03133249 0.09045682 -0.10418011 -0.21554534 -0.22078906 0.06402403 0.38319471 0.15560149 -0.15938537 0.00988225 -0.05130650 -0.08707311 0.04712454 0.04233071 -0.09146070 -0.06369700 -0.08966242 -0.03387950 0.18752466 -0.04723422 0.04551201 0.23396116 0.01354351 0.12697861 0.05620497 0.10918213 -0.04871801 0.03540486 -0.11858208 0.00341961 -0.03374617 -0.13546282 0.02294764 0.04535175 -0.20229323 0.18083866 -0.02077531 0.03153567 -0.00767586 0.01325016 -0.05729280 -0.00372242 0.19393054 -0.27704617 0.24415059 0.16393140 0.09028456 0.16495568 0.06963980 0.05178638 -0.01239460 -0.12505457 -0.14885084 -0.05884395 0.02036992 -0.04617858 -0.05044641 0.03495786]
Pavel#1.jpg:[-0.20962156 0.12234391 0.05819973 -0.01964848 0.02537788 -0.05842295 -0.06744451 -0.02942083 0.10796490 0.00060522 0.24126430 -0.06267090 -0.21643719 -0.09269591 -0.06476349 0.10307544 -0.19566596 -0.06269301 -0.11481220 -0.07742387 0.10054316 0.03350012 0.00916107 0.04173183 -0.18332691 -0.30816627 -0.06590281 -0.08024288 -0.00929553 -0.04139414 0.02919711 0.08015022 -0.12620074 -0.01046710 0.02360873 0.08143792 -0.06365164 0.01664914 0.23217119 -0.00105014 -0.11676298 0.03991714 -0.02080635 0.33037508 0.21209982 0.02474007 0.04252538 -0.10867171 0.18224703 -0.25757366 -0.03045079 0.28434041 0.07087751 0.06078901 0.12268709 -0.11958432 0.01481949 0.18392353 -0.22161201 0.06191111 -0.06504147 -0.08648002 -0.00064657 -0.11881894 0.11574291 0.10562162 -0.16392891 -0.14268179 0.16400430 -0.10806390 0.03254859 0.17402613 -0.12109824 -0.29308978 -0.27921441 0.05619935 0.39040542 0.12874945 -0.17541952 0.05313851 -0.02044435 -0.11729597 0.05273656 0.10648902 -0.17437051 0.03356745 -0.10579818 0.05278338 0.15372035 0.01546642 -0.02993545 0.22439826 0.02418811 0.02224512 0.05740162 0.04104520 -0.14512917 -0.02806683 -0.11595660 -0.01166270 0.03207609 -0.13575386 0.00312363 0.03123298 -0.05522251 0.18150726 -0.02662849 0.02461014 -0.15356576 -0.06718312 -0.05550447 0.06373798 0.16858178 -0.23786688 0.14461759 0.11763820 0.01803260 0.16730697 0.08629113 0.04920214 -0.08223984 0.01839450 -0.10388047 -0.03629604 0.04198904 -0.00021672 0.09668525 -0.03705325]
Sergey#1.jpg:[-0.00918550 0.03323215 -0.01537039 -0.04791849 -0.14991620 0.09870473 -0.02816232 -0.02789650 0.21758340 -0.04935631 0.22010568 -0.04555947 -0.27134481 -0.04931274 -0.06942981 0.10910878 -0.13363722 -0.11185325 -0.02893299 -0.00588697 0.02188643 0.03838770 -0.01036483 0.02987466 -0.03050418 -0.40316683 -0.08700513 -0.08642922 0.09139066 -0.08276898 -0.05066377 0.09500742 -0.15799433 -0.05653060 0.05833200 0.05387431 -0.11881401 0.02871401 0.19487022 0.00673516 -0.19014037 0.00971456 0.05610973 0.20632273 0.17218247 0.06486022 -0.01762330 -0.10458369 0.11778997 -0.22854231 0.08607438 0.23926279 0.16385818 0.16195829 0.05408164 -0.15784204 -0.00335903 0.15029944 -0.12860820 0.08176930 0.01268016 -0.04395443 0.05403428 -0.01308905 0.14294097 0.00267936 -0.08689608 -0.16409017 0.10962107 -0.17807952 -0.03565431 0.10680646 -0.10448071 -0.20890261 -0.23795208 0.06585647 0.39290330 0.11912859 -0.14883520 0.01024535 -0.03388028 -0.11440334 0.03167020 0.04035224 -0.08940573 -0.06025951 -0.09183878 -0.01921220 0.18922150 -0.06190537 0.05018817 0.23223962 -0.00306056 0.14107421 0.04357732 0.11335725 -0.05915142 0.03024428 -0.11912173 -0.00112329 -0.04548398 -0.14261995 -0.00401850 0.03581096 -0.18955442 0.18786448 0.00573566 0.00935348 -0.02433642 0.00346675 -0.06210052 -0.01871376 0.20266452 -0.27444112 0.24967095 0.15316273 0.08951376 0.16436769 0.05818257 0.05624850 -0.01479035 -0.13088323 -0.13108136 -0.05634358 0.01571448 -0.03983342 -0.06050333 0.02256487]
Gleb#2.jpg:[-0.17528731 0.10256154 0.01211595 -0.02950397 -0.18419939 0.09648573 0.03629348 -0.03995664 0.14056243 -0.08356857 0.20884435 -0.05594206 -0.27607524 -0.00860875 0.02850463 0.11032389 -0.09327372 -0.14055167 -0.12709920 -0.03825948 -0.06329636 0.04567521 -0.00053399 0.03704666 -0.12995726 -0.34938475 -0.03558674 -0.09148071 0.12927972 -0.06062298 0.00135629 0.10597866 -0.04591908 -0.01181296 0.09046245 0.08234271 -0.10269686 0.02419308 0.28823832 -0.00882136 -0.26346260 0.06552157 0.04441553 0.34097564 0.20357794 0.03359369 0.03250155 -0.12526280 0.08989068 -0.30172840 0.07529666 0.21216872 0.12921433 0.06657291 0.02870475 -0.18768738 -0.01639449 0.14741847 -0.22434573 0.09165373 0.06372105 -0.08946017 -0.05110064 -0.03167244 0.14812149 0.07256288 -0.15980473 -0.15363270 0.12267341 -0.20260830 -0.01145214 0.18357751 -0.12451123 -0.26740614 -0.21737891 0.10414520 0.39376813 0.21889897 -0.17727590 -0.02310668 -0.00246321 -0.03287249 0.06547634 0.13811630 -0.12390406 -0.16227128 -0.04803488 0.00182370 0.16771129 -0.05135415 -0.01481555 0.21661524 0.13152221 -0.00177385 0.00303969 0.11985376 -0.08787800 -0.07367605 -0.14275369 -0.07744797 0.03163046 -0.08382697 0.05076321 0.08071870 -0.24384105 0.29097912 -0.02765379 -0.04741019 0.00681310 -0.04924018 0.03783983 0.03589130 0.21070948 -0.26403430 0.16716126 0.23238492 0.06873271 0.18423173 0.13005400 -0.00088374 0.04664634 -0.00533269 -0.11939991 -0.08374634 0.04546234 -0.06843052 0.03335115 -0.00462269]
